004198
005256
001752
006924
001634
001984
002884
006329
005977
004493
003468
001646
001595
006555
003547
003142
004028
003059
001996
000168
003009
005749
004377
002601
001797
001558
003075
003493
007135
006112
004923
005927
006032
000694
001502
007220
002045
006944
002297
002885
007386
000397
006431
007404
003233
005328
001700
005452
002891
007457
006686
005028
003030
003007
000841
000085
002569
002254
002811
002807
000597
006691
004639
004223
000062
003322
004016
003674
004802
004068
006302
000123
003273
004851
003811
004899
007219
000596
001861
004043
001466
007403
004716
005567
004322
001720
002525
005051
004189
006231
003862
006733
000633
005036
003613
005640
001266
004062
000022
001847
006770
006983
004120
006212
006471
006557
005296
006519
006256
005210
004373
006616
005732
001211
002123
002121
000348
001851
002495
005770
003050
007336
002955
003827
001688
004751
005469
002866
002870
004872
002197
003153
003251
001834
002442
001729
005983
007244
002566
001516
002629
004820
002682
003406
007111
005080
003507
006830
005695
005583
000840
004699
003312
000921
005217
001285
003327
000271
001235
004012
004920
006310
003490
001714
001199
000582
006587
007288
002914
006399
001604
004815
000336
004376
002685
002502
002128
004787
006165
002622
007470
007130
000285
002438
006718
001766
004609
001430
004400
005504
003492
003921
002927
006071
004123
007252
003656
003607
001469
001230
003912
000251
002725
005788
001227
005096
002073
004849
003810
003321
007213
003203
002702
004146
006772
003047
006110
000287
001297
006295
005833
007330
004149
003147
004600
004407
003748
001482
000747
001748
006595
001567
006271
005266
004670
003947
004520
000744
006510
004932
001673
003521
005132
003087
002339
003806
007280
000286
005008
006452
001510
004585
003708
003600
006572
007214
002881
006685
002037
001238
005654
001116
000015
005235
006198
002287
000158
005995
003469
003314
000634
006591
006063
007164
003166
003381
001195
001503
004809
003571
003101
003082
007373
005874
006931
005811
005128
005628
006554
000697
005473
004349
001835
001588
007443
003362
005892
002183
003711
004711
001215
004621
005106
000574
003626
000682
002184
005502
004580
006493
000121
005170
002473
006754
002745
002929
002630
002455
006895
003717
001043
003221
006234
004217
005585
004747
001249
002584
003647
001244
000461
006283
005853
000767
001128
002691
003923
003926
004286
000024
000668
004739
005427
000534
007095
002195
002557
002400
002209
005483
000656
002290
005843
005911
002803
000390
001438
007305
005081
004153
006981
002042
004868
003160
001279
003095
002358
004990
003866
005076
001327
004361
005777
007419
001981
002561
001865
006532
003187
007171
001900
005849
006957
005897
001651
004954
000086
005150
006161
003003
003894
006117
005669
005065
001523
006683
005846
002233
002246
001145
004333
004693
003691
003771
007046
005349
002552
006867
007228
002266
003435
004201
005903
004631
004096
002832
003191
003193
001633
003631
002626
004994
005905
002963
007128
003128
006913
003104
004788
001910
004744
004675
004714
002202
004601
005490
000061
002171
000787
000992
003011
002605
006266
000792
006709
006281
006508
001164
001094
003385
002185
002469
001802
007221
007466
005496
004173
005105
005090
000517
000187
006736
004431
000688
003313
004441
006108
003338
001744
003446
003250
005566
000469
002096
005069
004099
002737
000088
005870
006610
001657
000141
005480
001759
007014
001563
000410
001815
004089
004827
006853
003695
006079
002849
006801
007257
001421
000329
003741
006798
005547
000003
005650
006819
006668
000068
002581
003795
005167
002074
000077
002984
006954
007392
003927
006464
000678
001623
004193
000813
005642
003700
000087
000476
003728
007464
002490
006401
000048
005948
007295
003301
003245
007052
000196
000618
003299
004402
005369
003996
005442
006103
003204
002019
005393
005541
004459
006049
002761
004288
004857
001228
002012
006043
000224
005838
004987
003722
006743
002741
003554
000852
007126
005790
003715
006699
005089
001718
002367
006795
003036
002600
002027
000326
001084
007073
006615
002259
001214
005765
001384
006584
007217
001417
001830
004763
002456
001115
000394
001520
005807
001537
004761
002474
005998
006901
003751
000082
006727
002846
001514
000300
003667
005312
001412
006514
003122
006176
005144
005971
002861
007366
006134
002654
006768
004342
005346
005565
006805
004111
003098
004399
001400
001844
003987
003286
004152
006979
004234
001949
000422
001857
003518
006185
000742
001894
004432
002001
007379
007438
001763
006760
005600
000826
002417
007186
002791
004972
002369
006411
004985
003432
007425
006962
005208
007279
002728
000926
004574
000669
005516
004873
007349
005271
003034
005551
002345
006197
001806
004197
006168
004090
005276
006891
002917
003281
002085
006526
006020
003794
006807
004017
001531
004013
001289
005264
004125
005039
003920
003745
005055
000150
005505
004429
000167
001117
003195
005637
005446
001869
007103
006183
002571
006512
002932
004655
001013
001991
003407
000261
006241
004029
001181
006389
006788
006766
001509
002954
004584
006052
006659
001888
005517
004385
006653
006332
004519
003412
003531
002136
002713
004759
000659
001546
006638
002551
006828
003635
003618
005122
003440
004719
007437
003655
002588
002114
007026
006822
004456
002177
002809
005436
003916
002920
006905
002186
006214
000531
003028
001465
003372
002274
003867
005757
007187
006778
004094
004504
005411
004555
004746
004672
007065
002248
004472
006588
001892
005272
005392
000993
002892
001148
003641
004956
001527
000272
006560
006633
001102
001068
006073
002615
000076
003534
007408
001874
002877
007340
003542
000609
000234
003828
003489
002916
003032
004668
004130
000814
004266
003902
005461
005652
006908
002792
004097
001388
000982
003909
004138
000258
000307
003405
006466
003016
006775
005717
005244
003933
000897
002862
005010
001575
001459
004617
004114
005358
007188
002175
005441
006543
000754
000494
003361
006205
000623
003621
005763
001393
001487
001422
005101
002949
000806
003576
005623
001124
005810
003698
003237
006299
002705
002732
007298
003176
006730
006416
002306
004926
000334
002868
004998
003693
000058
000551
005406
000041
004641
006568
004535
003001
001805
003108
003263
003789
006802
004810
007242
001825
001716
007433
006439
005964
004305
000816
003859
003208
000642
004112
002774
002724
004507
001361
007098
000983
003303
003842
004997
004327
000710
001113
000647
007129
004379
002402
002905
001441
003978
004439
005194
001338
004656
000373
005727
001682
006062
003601
004011
000563
007084
004781
004622
005366
000341
001435
005215
004663
006854
007236
006334
007371
003834
005338
001334
000181
001234
001912
002273
002503
001246
002960
003949
000264
003262
006426
000243
006746
004457
001505
000211
000568
004608
004103
004129
004835
001300
000270
004776
004265
001329
001378
002244
005801
000820
001798
006724
004505
005878
002925
001717
006159
006188
005545
006460
007291
003659
002147
003350
001252
003261
000347
005895
003027
005202
000439
002289
001950
001740
001504
002730
005812
001445
002124
000924
004951
005933
005973
000807
000371
002193
005750
004517
002766
003762
002396
000869
005147
005360
001483
002948
001807
005921
005720
000584
001916
005023
001988
007025
000176
000927
003750
006372
004602
002179
003956
003200
005684
003649
001480
006502
006180
007163
005094
002838
006688
005824
000470
005714
004332
003529
003393
001544
005944
004380
000629
000389
000770
000593
000521
007147
005415
003686
001229
003387
003089
002130
004531
004002
004294
004806
001336
000855
002773
005293
000882
007086
001637
000899
005107
002698
001057
005137
000665
006831
003266
002970
004462
006669
007012
003561
003919
005825
003494
005171
005690
007416
003292
003677
004236
006849
001136
005046
001467
001478
001624
007124
003544
006179
002642
002314
000343
006927
002282
002237
002052
007030
004865
001889
002592
006217
001221
006773
002491
002087
001212
000175
000628
002817
001022
000576
006536
001310
001944
005768
001180
002558
006856
000672
001521
004444
002113
005092
004721
000249
003308
005486
001555
005509
006428
001814
001620
003697
001108
003207
003761
000011
003557
004795
000355
006511
004390
001218
005656
004613
000434
007061
000029
003549
002225
000888
005996
005152
005341
003323
002408
003290
002943
002940
004323
001862
003476
006006
003483
007156
004952
003903
000666
001028
000536
006236
000044
000477
001360
006226
007237
005361
005781
000760
005043
003378
004204
001083
005213
004486
003139
004382
002821
006041
006123
006059
003885
006721
001959
005840
006085
004700
005570
006982
003021
006958
001173
003417
003211
004509
002624
005384
004244
003971
001774
007169
003498
003309
001160
005718
004015
003946
005289
002994
005403
003673
000031
000142
000302
002827
004372
004209
005667
003546
001601
004229
007191
000449
007247
005201
002653
007346
005299
003336
006393
000736
005985
000499
004316
003325
002563
001021
005285
002322
000928
000985
001999
005354
005006
002407
003223
003445
000565
000097
001111
003306
003755
003287
005066
000083
002818
004336
004978
002163
006327
006838
001644
001565
005100
003826
005958
006230
000809
002283
003509
007427
000420
002736
007331
006286
003450
004467
006494
003280
004908
006031
000010
001207
003812
000127
000311
000511
001962
004430
005865
003611
002506
002945
004037
001920
003636
002783
004522
003628
004178
004961
005242
002844
004476
003057
000263
002966
001314
005419
000654
003337
003872
002637
001853
005163
005269
002162
005045
006315
000195
005198
002405
001580
002470
007083
003100
000051
005370
005715
005521
004542
006990
003567
004804
004545
007428
006475
001776
004624
003535
000043
001948
002985
006941
007205
004205
001641
004285
001291
006284
007282
004674
005803
001490
000039
005978
005850
005020
007056
000451
002780
006035
005782
006504
003482
005120
004549
005227
005856
003682
002317
005773
004119
004275
002389
005823
006478
000942
005061
001840
000837
006223
000780
004200
006892
003062
004645
005347
006998
005700
004496
002205
003732
006794
001099
007010
004262
005950
007036
001560
004824
000178
005125
000999
005157
002754
003172
005240
001142
005052
001658
003990
000349
005698
005386
002404
000411
000372
003599
003798
004264
000342
001219
004144
005506
000988
002460
005239
000778
000459
006779
002302
006261
001578
001450
002166
004329
005926
007203
007402
000964
002093
006167
003351
001499
002993
006875
007364
007333
006516
006138
004137
004977
002271
006317
003043
006337
006723
007230
007390
006311
004713
006823
004147
005275
006825
002320
005914
002039
003855
006799
001127
001790
001679
003473
004482
000387
003819
006158
000724
002857
006040
003528
005004
004570
007062
003995
005477
006841
003913
005408
002645
004451
005396
002053
005925
000399
000708
005528
003334
003358
001697
004934
006202
004268
001758
005387
003899
002204
007472
002046
000498
007435
004050
000023
004638
000437
007389
000612
004221
007160
006352
006717
002536
001768
000418
002070
004165
005009
005909
002575
006277
005557
006634
000490
003944
006131
006890
003017
004309
007114
002440
000637
005932
000290
000312
000571
007031
007296
005864
007094
002010
002532
005561
001322
005457
003707
003594
000274
002733
005423
001539
001728
003940
002517
006383
001389
000690
002890
002719
006695
005967
001027
002775
002923
006384
001875
003444
003787
003183
002055
005127
003138
002210
005894
002390
007452
003466
006094
004610
001392
007067
001302
006741
002127
006257
000099
000651
003458
003422
003335
000570
002312
001625
003219
003660
001209
003675
005729
000925
005631
006413
006517
003896
001122
000268
003526
002213
001464
002852
005817
001989
000482
006971
005601
000519
000752
005986
001952
005760
003586
004864
005430
000025
002874
004786
002603
005861
000865
006674
003869
001498
001447
004060
002325
002288
002352
005190
003040
006253
003875
004862
000221
002427
003536
005620
003397
004080
003808
005563
000870
002054
000484
003643
004861
001024
002523
001376
006153
003905
003796
000783
004611
002973
000875
007127
005626
004973
000834
007395
002231
001175
006229
004511
004058
002895
002972
000606
000956
001978
007239
006066
001554
002794
006012
005858
003953
003868
004194
004104
005451
002232
005331
000598
004401
004346
006751
005216
005428
004142
004527
002353
000276
005806
006677
000769
006487
000199
002216
006845
006986
002947
006887
003441
005713
004760
001390
000016
006388
001267
005966
003924
000901
002122
002779
001272
006072
002610
002235
000313
004267
000308
000902
005060
000772
007184
003218
005030
005034
005353
002770
007374
003367
000745
001269
002484
005138
001695
004616
003376
006447
006509
003878
002434
006618
001395
006250
000241
002959
001968
004183
002342
005574
004695
005689
003065
001583
004734
000670
001225
002731
005476
004254
002591
000741
000883
007357
006314
002444
002356
006818
000746
005178
001026
006312
006561
005829
002409
003151
000981
001076
003107
000777
004313
007155
003459
006141
002500
001564
000154
006320
004635
003873
007183
002431
003891
005662
005514
000339
006278
001315
006687
002720
005507
000727
003595
007151
006963
006636
005466
003389
002253
001015
006136
001913
003839
002893
002776
004394
000379
000779
006503
000545
000804
006147
004583
001178
005154
006414
007344
003196
005250
000227
004324
001859
004477
001446
005026
000002
002002
005311
005525
000524
001552
006950
001301
000296
004226
005784
000440
007146
006081
002139
004717
000862
006391
005731
001906
001407
006531
000310
005018
005539
006933
007270
004948
002219
002334
006756
004035
000737
002267
000012
000063
001239
002485
004941
006028
000017
004450
000959
005376
003644
001428
000631
005019
003012
001096
002511
004765
006947
004894
000162
000896
006991
007258
006684
002104
002723
007420
006044
000351
006542
006437
003777
002294
005206
006725
004106
003718
002058
001781
005741
007000
007193
005800
001188
006763
001224
007207
007297
003724
000184
004819
006550
006412
007369
006154
004121
007324
006121
002880
007204
004605
001342
001293
001630
002169
000673
002537
002735
000677
003495
001905
005552
004615
006577
002257
003581
004239
005501
001265
001373
006189
005114
005221
000073
004206
003574
004314
002670
004925
006489
006834
006559
006566
004297
006874
000064
004034
006787
000462
005599
003780
004252
007478
004184
001319
006495
005247
005161
004690
002109
002553
001382
002132
004866
001608
006444
006851
006861
005769
000525
005761
005580
003260
002908
003117
001534
003318
007313
002194
003307
004991
004371
006130
001303
001353
005538
000092
001287
003664
005753
006193
001582
001405
007071
006737
004858
004921
002424
006462
004241
004603
002479
001706
006742
001683
006896
001377
004087
000359
007361
000759
000430
005041
002126
000297
004045
002978
006208
007100
003319
004049
006589
006381
002263
005981
001965
001507
005381
000425
000878
003981
001461
000603
001963
007479
004263
005685
006441
000134
006292
005900
005755
005935
002181
004620
006915
002142
000066
006022
005809
006670
003374
002822
006225
003791
000444
004891
004666
000526
001189
003850
005416
003754
005953
006407
004632
007005
006403
001152
004192
005976
004774
003895
007038
007029
001045
000380
004048
004386
004039
002520
007356
004150
002391
006943
001919
001852
002693
007261
002228
003587
001140
006387
000281
004877
001332
001134
007092
000078
006124
000638
006541
003513
005444
007081
006432
000203
004231
006156
005351
007372
005738
002363
004940
000986
001481
006644
002488
000730
001104
000874
004581
001347
000207
002640
002086
006948
002643
007143
000592
002848
001616
005302
000594
001545
004919
001288
006013
003666
002889
001223
004464
000533
003090
003230
004599
006707
004421
004953
002423
000811
002496
005254
005400
002951
000486
001848
006583
006142
006398
007399
004162
005255
000818
005397
005646
001585
001019
004340
006870
000450
007312
000505
003932
006490
004030
000968
000572
004640
005722
006656
002864
001486
000692
003758
000255
006975
005270
003179
003181
002292
002461
000937
002024
001652
004913
004307
007439
004758
007413
005931
000655
005882
003943
003430
005674
002437
002961
006648
004227
006221
002468
006245
005974
002392
000947
001258
002708
003402
000793
004730
004702
003238
004791
003254
005543
001747
002956
006594
006928
003227
004752
000591
005424
005307
004363
006075
005564
002765
003124
000573
005886
006076
004484
001979
002689
004423
006496
000850
003278
001561
001474
004465
003232
000456
003563
002038
001650
000155
002755
005705
000480
000385
004387
000396
003670
007476
003545
000699
000619
004211
003704
003735
002941
004164
003123
001415
004813
000295
001611
002397
003419
002797
002522
005596
005249
002140
004281
004326
003449
001632
003815
005211
002105
002381
005657
005898
002660
006646
001067
006987
004240
002501
001737
000771
005176
003863
000367
002586
002026
000805
003165
005456
004586
002110
000315
002695
006425
007445
006045
000103
002746
003642
004056
000321
004510
004319
001783
000794
003442
004626
002478
001934
003988
004943
007359
005887
004831
001589
005910
004841
001656
006649
001542
006929
005704
004395
002894
004889
002076
007175
006585
000239
001298
006803
000406
003731
005649
000667
006792
004962
000269
006434
007320
001468
006540
001610
001606
001789
000237
002286
003298
002258
006096
006272
006340
005785
001880
001696
006938
000363
006578
002131
000931
003560
004671
002285
006608
002075
001836
000554
003510
005151
000996
000455
004270
002752
002148
000014
003955
006966
004148
005644
000098
000059
000590
000657
004703
001541
002612
003159
003072
000093
004822
003769
000446
004743
003725
005475
005025
005658
002937
003564
003137
000318
001198
006759
006553
006482
001174
003773
006538
006826
001202
003737
004823
005309
000635
006453
004412
003734
004546
007134
006366
000160
005191
001056
006791
004592
005407
000539
000910
002362
001598
000226
005992
005960
003408
005578
002538
000614
006806
002301
004629
004933
006265
005326
005776
002808
004569
000056
003235
006797
006706
004381
000781
005510
000785
003898
004369
001796
001568
002198
006258
001739
003744
005681
001863
005368
006400
002534
003026
001643
004707
006276
001612
000948
001930
005173
006455
003013
001346
003954
000970
000844
001370
004040
004860
000033
002627
006309
006178
004312
005740
006993
001126
000327
005308
001268
006842
002158
007039
002099
001333
006092
006089
000161
006322
003390
006744
006667
004911
005126
001066
006152
003365
002701
004393
000915
005091
000361
005821
004216
003817
005465
000557
006693
007351
005448
007453
002680
007255
004556
001676
003588
003861
002386
004966
002983
002513
005584
000506
000768
000559
005363
006976
001186
002823
003747
001348
003256
003958
006069
003243
001010
003520
005544
001118
005110
001406
004698
007035
003275
000245
004022
001687
005866
004491
000829
005277
002607
005697
005015
004755
006582
000705
001788
004619
001282
005672
001176
000819
004338
001281
000273
005747
001918
005957
002091
000179
005283
003474
000072
003906
005816
005062
002527
004981
000763
003663
005261
000046
001975
002454
001826
003180
002530
007329
006019
004796
007223
000117
000906
003289
006698
001508
005554
006369
004258
004085
001253
004740
002886
002583
006858
000918
000069
004269
001203
001662
001876
003118
002090
004437
003341
006113
003487
001071
004084
006780
006906
002616
001296
004988
005301
001064
006054
004005
005014
007289
004414
002641
003858
000615
003511
003938
004839
003241
006406
007113
005990
005079
000581
005503
004797
003039
006215
005459
002351
005199
007285
002057
001935
000518
007370
005988
002962
003020
005635
003198
006748
006195
004523
002981
002933
004627
003418
005847
000208
004735
004942
001204
006662
007125
000419
002738
003046
003831
001050
004053
004679
005056
002882
004102
004460
003914
005508
000912
004772
002366
001017
005175
007165
002252
006307
000674
006454
006055
000817
005357
005035
007159
002304
004597
002486
002510
002587
000714
006774
005282
000893
001442
002448
005906
002018
002555
000283
002764
002329
000776
002623
004290
007112
001387
001372
002939
003766
007185
006273
000447
005614
007139
003136
007353
003503
003865
006111
004694
006601
000489
001232
003149
004353
007200
004398
001206
003583
002223
000685
002798
000414
005721
000132
007401
006970
007199
001973
001114
006303
002465
005661
001769
001119
006848
004424
004061
002255
007426
004550
000967
000684
003553
000729
006732
000366
000845
005908
000797
007055
005848
006907
004852
006556
002174
002116
001686
001220
005863
006835
006925
006025
003596
006385
001947
002125
007190
000702
006800
001941
004359
005991
005231
005744
007450
003622
005673
001166
006427
001812
003092
000962
000473
000872
006318
000860
002458
005893
000713
000664
000784
001457
004803
006609
007057
000200
006259
004793
005588
001795
004808
006088
004544
002143
002669
000798
003343
001038
001427
004360
003168
003692
004845
000442
007406
000113
003752
003652
002373
006099
002432
002819
004213
002545
004768
000858
007021
002814
000145
002661
000510
003683
002374
003805
007448
000344
000075
002059
007232
002564
002117
002785
006793
002841
003154
004136
001533
006539
007168
001878
003578
000979
001803
005142
007201
005947
003669
005153
000089
005234
006450
005916
003088
004553
007194
004409
002806
006235
007322
005294
006240
005124
001216
001153
004650
005186
003317
006815
005139
007314
001824
002578
003967
001764
001320
004335
000027
005453
001777
006745
004031
001735
000356
003539
000094
005792
003257
000412
005205
003572
001130
002768
001418
004302
002562
001151
000497
000625
004145
005087
006145
002952
000693
006473
003052
006001
001898
007123
004957
003304
003436
002471
005070
002907
003415
002103
002666
002387
006448
003619
001998
001557
002399
002589
000790
001081
004625
005745
005999
003105
006417
006879
002847
006260
007246
001449
005919
006143
005955
006362
000978
005876
000716
001501
003678
003102
001410
004783
000138
000616
005859
005679
004929
006735
005961
007211
004890
006738
004688
003934
004589
007319
001286
004095
006488
007019
007473
001401
003231
004350
004419
004367
003952
002240
006164
006804
000735
004965
005913
004276
004712
005281
000786
004705
007116
003785
004107
000431
003359
000952
006893
000886
004447
005230
003058
003433
001858
003893
000047
007271
000319
004697
000546
006306
005290
003224
007429
000761
004077
004169
001472
003925
006461
003297
005420
002032
007259
005758
004726
002443
007367
007469
004678
000375
006904
004088
005571
002243
003701
004315
007409
000626
003056
001295
006581
003355
001890
004696
004295
007447
001091
000009
002119
005374
003070
006977
003646
000560
002714
004481
001144
000304
002898
003836
002498
006600
006886
005687
000153
003002
000314
000800
006813
005733
001226
006857
002413
004455
007354
003131
000686
001707
003294
006037
006155
003171
006021
003300
000019
001098
001029
004715
004438
002378
006847
007001
002836
003598
002269
001855
004036
000140
003106
005364
004691
006810
002546
004256
003782
001594
005653
001404
000691
003132
006064
006820
005438
006457
003234
002662
004000
001782
006008
002657
000542
004485
000550
005500
007179
003064
002410
000188
001837
007455
000254
002450
005443
005595
002658
001343
005011
002041
006782
005460
004260
006579
002154
005553
005783
001709
006922
002995
001455
001414
004647
005728
001818
007008
000639
002000
001080
007308
001169
000757
003485
007394
001159
004704
006697
003161
002343
005329
000052
006057
004248
002379
003145
004468
003929
004938
000323
003091
002393
002170
006945
001926
001592
003630
004001
004828
005569
005193
005305
003006
004246
003311
006016
001462
001765
003972
004637
000463
001103
007440
001120
005032
000174
007136
001087
000407
006097
002825
001179
006546
006992
006812
002851
007348
000309
001185
002025
004834
004971
002771
000507
005791
003470
000830
007306
006005
004607
004976
001893
002505
000259
001896
001899
002871
006961
000426
003506
003177
005063
003710
003739
001772
002712
006755
001394
004410
001522
002305
005771
002236
006497
001318
003997
005795
003575
004969
004657
003384
001078
006357
006664
004874
001051
005604
006458
005562
000165
004882
006267
002337
003657
001362
004630
000706
002769
004187
003332
002544
007248
000791
002033
007471
004135
005828
006602
004175
000868
005185
004729
002242
001030
003500
000229
004604
005140
006984
001654
005212
004202
006692
007393
006747
002313
005054
002418
003856
007218
000370
003379
000812
000624
007107
004362
004131
006715
000345
000233
004435
002385
005303
001431
002535
006860
005885
000537
007101
001816
007477
002272
002974
001237
005113
005518
006382
003119
007326
003624
005832
000698
005492
001701
001971
001138
004909
005579
000774
002364
006127
001618
004967
005414
005968
000100
004930
006345
001846
001308
003023
005156
001794
000102
003969
002245
007475
001129
005200
005772
001784
005831
003320
001149
004850
002133
004092
003141
001351
003930
000209
002344
007060
004356
000128
005940
005736
006026
005112
001937
002676
005300
003414
002326
005233
005754
002979
004902
005923
004023
007020
003182
006710
002280
001868
006551
007418
001060
004397
000337
004434
006206
005513
003559
003555
000954
001335
000880
001399
002526
004042
002930
004750
005651
000020
004947
005954
006242
002795
003210
000460
003756
007432
002784
003840
001208
002665
005192
002835
007161
003244
006371
003423
006319
000172
005511
002590
000605
003140
004859
001262
004654
005572
005031
002652
000728
006650
001685
003730
003714
000587
002101
005288
001732
001730
006521
005007
005659
001049
002215
001345
004337
001593
005383
003847
003684
000441
004471
006344
001813
003603
001236
001883
002688
006288
004403
003424
002906
002138
001517
006115
005819
007300
004677
006105
004271
000908
005798
004892
001648
002831
003768
004935
005692
004992
005805
002512
005748
006902
000218
005619
001738
006449
006367
001052
001167
001581
000126
002926
004242
006605
001587
002382
003577
001359
006643
002222
000696
004612
004341
003315
000502
006204
000353
003015
003797
006614
006622
007315
002542
000267
002656
006753
000966
003709
005902
002897
000266
004347
003843
003625
000192
002083
005108
004203
004428
003349
001448
000008
001041
006525
002507
003881
004071
006663
000873
001042
006456
000081
003522
002613
006620
000146
005197
000975
005888
002082
006681
003055
001871
005196
005625
002810
004159
006739
000164
005236
000231
004182
004560
001597
004561
002459
003097
002224
006297
002335
005318
001200
003604
000481
006789
001491
003113
000220
002672
000607
003109
001642
000520
000990
000599
003214
002372
003395
007032
002887
000775
001966
003917
006752
000416
007335
004498
004532
003283
000532
003746
004157
001034
003844
006289
002998
002380
001158
004980
006186
006808
000105
006065
004154
003870
001970
003326
006580
001196
001365
001007
000859
001590
003706
000847
002310
000173
002106
005382
004224
004614
006940
001745
001371
004775
005975
004343
005252
001664
005607
007119
005323
005875
002445
003623
007384
007240
002757
002778
004573
004993
002416
006287
004595
006506
004843
007216
001475
006883
005172
001969
002636
002079
006619
005559
000733
005924
002206
003471
005385
007181
002412
006785
006050
004681
005316
007411
005149
007096
007334
002850
004949
006625
002089
002200
000991
002696
000803
002265
001746
001640
006333
005118
001703
006593
003184
004886
005447
001710
000050
000680
001275
004479
004836
000037
005162
003067
004515
000148
006255
000362
006827
000423
005612
001141
005284
002452
006651
006942
003999
006974
004219
004706
000707
005778
006361
002554
001708
005372
005224
001354
000377
006129
000236
005648
004199
006596
006463
003409
004331
004652
004384
007480
005324
003162
001793
000995
005938
006209
000866
001009
005854
000135
001757
006611
002141
004278
002944
002457
000054
007178
006423
002451
002796
000354
000189
003333
004296
005097
006899
006484
001274
005665
002095
006790
000943
001877
000400
006647
004247
000038
007040
005621
000119
002727
005707
003175
007215
002180
002896
006520
006769
007210
005962
003770
005868
004551
007303
005218
006873
003077
003054
007417
002568
001653
001316
004177
001171
001742
002435
004888
005464
000483
001761
001380
007405
005548
006244
003602
002249
004676
007074
007362
002999
002270
007027
007089
002477
005774
005540
001879
000169
003609
006068
002573
005352
006951
002570
006980
001570
006959
006171
002067
006442
003889
004525
002375
007262
006869
007380
005394
004986
000042
005433
003749
002277
001983
003533
007195
007225
003822
004021
006728
007197
005072
001100
005602
001911
003702
006919
002901
001711
003110
002112
002229
000324
006275
005237
002331
002118
004463
000980
001437
003155
002777
002398
006548
000836
001344
004559
005643
004762
003438
004539
000721
006445
004970
007009
002518
000144
002609
007459
004805
000130
000552
002763
005712
000277
005929
005918
000755
002515
006535
003310
000660
001538
002482
002401
002644
006122
005616
002996
000384
006505
005380
003010
005943
006368
007106
003654
001156
001586
003662
001936
006729
002604
002172
006881
004064
003270
003671
000749
006700
002234
002467
006965
002742
004186
004757
007378
002065
003475
006060
006671
001242
005573
001093
005222
003729
001256
003005
005710
002936
004117
000035
006628
006855
004287
006270
001923
002201
001463
002441
001614
002316
000718
001062
003400
000253
000951
003760
007133
004440
005002
006150
006617
005412
004590
000648
000946
000815
002684
000116
005708
007079
006969
000190
007283
000452
003824
006989
003841
004321
000701
004508
001771
005050
005182
003764
007013
006995
004533
000198
001321
007266
000252
002860
001939
006199
004389
001681
000109
006720
003383
005410
004473
004354
004924
004904
005098
005542
001854
001678
003272
002617
000989
002308
006562
003558
000535
004995
006047
002922
005680
006694
000133
001092
005207
004019
005703
002700
001109
005797
001715
006067
002129
001036
006029
001306
004821
001023
006839
004764
000260
004442
003640
004780
004044
007202
001251
000833
002989
003467
005804
001770
004128
006200
000802
001956
002988
001856
003757
005315
001873
004876
004709
001313
001667
000671
004847
004051
000030
002146
003410
005841
004897
001571
007085
003121
004514
006347
004070
005928
003818
007033
005970
001210
005618
006192
004643
001183
007286
002420
005764
007245
002137
000887
004339
004158
006524
005356
000464
006083
000216
001424
000522
006375
007043
006341
003516
003394
006004
004325
005310
006038
003627
006829
000325
006485
000540
006544
000636
001668
002167
007474
006349
006056
000549
004687
006844
000949
002762
005232
003215
005577
003591
004156
001205
000917
000248
006781
005482
001276
003712
004492
001786
004250
002867
002160
005391
006224
007132
005455
002203
002300
001626
006328
001908
006405
003084
002187
001046
000835
003661
001943
000867
005037
007180
004771
001001
003799
005204
002787
001309
000210
005024
006918
002150
001470
003115
002710
005630
004946
000796
002634
002355
002047
000731
003279
000753
007063
001426
006010
001680
001233
005655
003022
004233
006034
001082
005645
004370
004160
000523
005743
003653
002319
001350
002191
004536
006418
007034
004100
001125
002336
001018
005917
006190
002813
005568
000392
007272
007051
002638
002009
005484
001106
001095
006690
006373
000856
000838
004554
007104
007293
004898
002788
006934
005228
007048
004736
000238
000034
004660
000884
000368
001477
007235
003199
000723
001756
006360
006213
005959
007254
005133
006443
002577
000933
007064
001670
003267
001691
003696
004789
000495
005333
006923
001525
003597
005131
002815
001248
005251
001822
001895
003164
002802
006046
000879
001304
001339
001980
000969
007461
004383
001713
001132
003008
001827
004057
003041
004291
003380
001841
005989
006358
001842
007363
002602
006469
001177
001821
006564
005073
003882
000610
001659
000186
001932
001201
003508
000465
002040
005594
006501
001734
005188
003496
002250
004737
001452
005258
003048
005322
002281
006343
003111
007105
003216
006652
000021
002935
002426
001924
004063
000004
002651
003189
002579
002145
002975
001089
000734
002227
002671
005994
007436
003212
001831
004733
001931
003328
004915
004500
001444
004167
002678
001596
002837
005515
002453
002694
007058
004008
002805
003790
004732
004180
003615
002296
007017
006470
006852
004151
003982
004222
007358
003965
002394
006015
002911
007396
002997
007456
000111
006920
003524
006571
002436
002869
001031
002481
006956
006394
006776
004963
000005
003429
004628
007388
006218
007006
005494
006935
000955
006885
004196
005225
001085
000316
005663
006714
005493
005085
004547
002100
006689
000402
005223
002056
002786
006999
004292
006884
005610
001838
001705
002599
007077
005711
004770
001005
004664
003963
003497
004027
002080
000275
005608
000352
003699
006480
004784
006576
006573
005633
000994
006545
002843
003173
003368
007222
004912
004928
001566
001964
001004
001197
001548
004623
003645
000202
001885
002425
005871
006174
004303
002480
000950
001839
001326
007407
006139
003285
003352
001307
007339
006910
000936
007045
003505
000242
004358
001131
000139
003590
003514
000861
005527
003316
002647
007328
002094
004396
005884
004208
004310
007309
004067
000013
003375
004277
004453
004773
001603
001677
005478
003512
003848
006882
005077
005327
003907
001368
006880
001250
002664
003484
006678
002606
001107
004237
004503
006985
001261
007050
003985
003570
004636
001420
001283
004939
007173
005668
002842
000689
003829
003197
003004
005418
003421
003964
006321
006914
004798
006898
002472
000501
007142
000641
002987
003225
000291
005431
004426
006279
000764
001337
001355
002284
005319
005472
007263
002910
004155
005593
002834
000322
005445
007268
001866
003813
006086
003892
001543
001921
000662
006378
005891
004355
003720
006832
004026
003074
007088
004188
002003
005398
006626
006018
004415
006570
005907
004683
000881
004334
003688
004448
004720
006994
005280
000839
005449
005682
001375
000496
006409
004767
005520
001340
000846
005109
005606
004417
006786
004293
002415
001356
006740
006095
000640
002291
006607
004083
003156
004842
007376
000364
002262
007044
006900
004093
006396
007253
000026
003681
005102
000556
000543
005485
007463
005187
004591
005377
002655
003403
002524
002447
003904
007166
005912
006274
000566
000810
001241
006836
004801
003099
000191
007467
006053
006569
002238
002487
001025
005899
002675
002782
001493
003462
000170
000823
001292
001993
003703
000663
005083
006033
003922
006160
001305
001492
001704
005429
000613
003792
007423
005686
006547
000305
007172
003356
007023
006492
003504
004181
000413
006726
004366
003472
000405
004537
000611
007120
005979
000929
005421
000998
004651
004518
002327
006479
004065
006476
001599
005723
005719
002207
004541
001609
006477
001719
006722
005726
003719
001264
002155
006665
003045
006104
004425
000842
003217
000726
006771
003979
005737
004950
002915
003291
004749
004272
003793
002348
003228
007076
004567
007256
000932
001809
007397
006843
005937
005450
006500
004790
001222
003523
000935
005274
001312
006039
002102
006070
000720
002034
003194
005534
003763
001872
007167
002330
003580
005068
005920
003638
005881
002560
001736
005980
006833
000824
001069
000235
003373
000940
006968
006397
004010
005851
004684
002541
004829
001724
006330
002648
006177
005664
000163
000152
002340
004445
006705
004143
001058
002628
002614
000317
002986
003069
005336
005287
005660
003019
006864
001636
006567
003788
000509
002036
002383
007410
006304
004446
005243
001484
000645
000900
001754
007117
005298
005259
002463
004893
000424
000632
002751
002321
005033
003556
005789
005059
002318
003086
004931
004673
001986
002856
005587
005111
004243
003386
002050
000386
002559
002218
000306
003900
001698
001476
001379
006467
002221
000513
007468
002189
004974
004105
004235
006676
006100
001133
002938
003478
005746
007458
004499
001243
001753
000340
004004
007451
000578
005814
001627
004253
002668
006301
001689
002199
004110
002942
007212
006233
006429
001660
006872
003033
006300
002072
004593
005952
003324
003820
003044
002729
002192
002679
004658
006009
005930
002005
000564
003051
003537
006395
006003
002918
001828
002371
007317
001040
000822
006529
001995
006163
002674
004818
006866
001901
003874
001440
005130
002620
004587
005189
002260
001731
001639
004318
003838
007323
001712
004887
005498
006837
005047
002031
005435
003915
004692
002430
003038
002750
003962
000919
000704
001615
001423
003079
006657
000156
005203
001231
005558
007387
004475
005468
001760
006173
006350
001143
004846
005589
000622
003399
001409
004927
006635
000891
004134
004168
005499
007016
006713
002704
001860
006474
000471
004280
005546
002572
005159
005086
000722
006953
004812
000421
000488
005378
002439
005439
006784
003687
004680
004653
006084
003353
001723
000681
001396
004618
002687
006523
007131
001987
003676
003236
006410
003434
002023
006762
000890
005702
003246
004392
003329
004984
005306
006166
001550
001270
001791
005949
000118
004072
005632
006030
000395
002278
006379
000748
002422
001576
005575
004418
000101
004566
006102
004020
004038
005956
005404
003887
006210
000953
006816
001003
007341
005879
005116
001513
007238
001526
001471
005141
000703
004543
002357
002743
007465
000282
004458
001909
003277
005815
007260
000096
004794
001914
006641
005362
003786
000914
007227
006623
002333
005984
002760
001817
004364
001675
001693
003053
002156
005706
002904
007382
005487
000404
001352
001383
000438
002365
005725
002176
000246
003668
002608
000558
005915
001997
003845
005314
001460
007233
001187
005624
001722
000338
007347
002739
006598
000223
006639
006451
002596
003426
000292
003143
001622
003765
006074
001925
005286
006263
000700
004814
005267
000984
004078
006355
000711
002824
001977
001012
006090
003876
004667
003370
000000
007350
006390
003146
007209
006232
007299
006280
003209
003080
000106
003035
004082
006254
006734
005064
000864
007377
004488
004807
002098
005263
001767
001823
007431
004345
004033
002980
007082
005373
004215
007170
004506
000393
002178
006335
001780
003579
001065
005676
004648
003743
003477
000474
000528
003049
004879
001617
001881
001870
004905
005576
005730
007174
002859
001349
000871
003605
006612
007276
002718
001436
001434
005734
005005
000278
001055
002707
004701
006061
001496
003629
007325
005012
003980
004470
000301
005592
001519
003823
003148
000365
005615
005512
000151
002800
005724
003344
005474
004228
003461
004055
002516
001605
002428
004171
006106
003807
004785
000586
004502
006749
005780
006824
007400
002211
001358
003398
003538
002144
003330
005257
006765
001702
000289
005678
001573
001500
007110
006642
002151
000920
004245
003000
000298
005462
006007
004501
004558
000328
000084
006640
003455
000997
003884
006613
003073
000183
006465
004895
006711
004816
000646
003548
003610
001454
003163
001331
007069
006353
004777
006716
004375
000889
001674
003391
003425
002722
006430
007421
002567
004728
003014
006821
003258
002466
005000
000743
003190
002950
007424
005440
004283
001020
001951
002903
007337
004754
002279
003158
000049
004534
006336
000070
005946
005529
006172
004659
005335
000095
007158
004348
000923
005701
006264
002899
005883
006597
003608
001530
003530
003849
002876
007002
000649
004530
003989
000215
000876
003465
005344
006675
005611
001325
005880
004945
006877
001330
007265
004225
004548
005787
004669
003354
000213
001008
000601
000851
003130
003201
004306
005936
004944
000445
007316
005796
005246
004598
007152
002639
002875
001638
005166
000212
000512
000530
002749
006949
001733
001577
001432
002690
003941
005834
004685
002772
005839
006811
000124
001039
000738
002346
001515
002384
002872
003103
007189
006227
000182
006249
005339
001367
001257
000036
003453
004195
004880
003778
000789
006268
000457
004854
007068
007287
005969
005775
000293
005395
005549
003296
005842
003464
001191
001121
004916
002208
002251
006574
000903
006701
000934
005972
000583
000157
006146
005896
000335
002376
006082
000976
003339
006248
002913
002066
007273
006440
005598
002275
000849
004311
001184
000131
007148
007109
002015
003998
002677
002753
004207
006151
000974
003452
002703
004745
001787
001385
004025
000401
006627
003076
006955
002464
004032
003853
001485
007249
005145
007251
002865
000877
003562
005835
000561
005471
000487
000885
005837
002793
001146
006342
002611
004132
002663
003437
004483
003738
003957
002268
001413
000357
001147
001929
004710
003063
002990
003690
006184
001785
001260
006654
004249
006939
001391
000801
003857
000904
000553
005367
000467
004299
005044
006419
000958
006894
004490
002909
006133
006359
003825
001535
004577
000602
005766
001497
006114
005388
004427
002107
002419
006211
005922
000107
001579
007177
004722
004139
007007
007398
000695
000895
005168
007018
003133
006817
003525
006630
007342
003550
002020
000057
006552
006282
003658
000185
000479
006269
000600
005716
007024
001938
006712
005532
000193
003716
001649
000284
002829
000391
005639
007243
005779
002406
005321
001751
001473
007226
004848
006194
004557
001110
006534
003543
003170
000492
002971
004870
004304
005939
001553
003206
003685
002411
000848
006140
003968
003129
001317
007090
001551
006132
005830
001006
005226
007381
002801
004328
005180
006515
005017
004124
004161
003775
005253
003443
002597
000040
003879
004091
001139
005872
003382
002582
006586
005389
001374
002134
004964
007391
000562
004817
002646
006285
000916
005071
006305
006078
004420
005330
005997
004792
000136
004433
002633
006708
004108
002683
006048
000825
006148
003157
006308
000909
004404
007037
003527
005001
002840
002548
002332
002965
007294
001547
001915
005638
004007
000971
000504
005497
001954
002214
004466
006402
000863
000652
006116
000197
003454
004883
004179
006251
006459
002967
001054
003532
006222
005048
002449
000080
002756
000250
005622
001053
002153
000588
000972
003152
003830
001933
004066
001902
007311
000795
006107
004881
001927
003420
004109
005174
000475
002692
001584
002475
002533
000333
002721
006859
006296
003767
006149
000907
004782
005862
003348
006871
002854
003759
004006
002359
001990
005405
006098
001833
001762
004141
003888
001946
006239
005519
000374
005481
001799
000262
004524
003961
002804
001123
002734
007144
006144
001044
004497
004133
005808
005184
005531
007078
001811
001621
003781
000617
002879
006298
000330
006024
004565
000961
004411
000515
002188
001849
001311
002196
003942
000960
004742
003651
001170
003986
006558
000621
000508
003185
006527
007375
003255
004922
001808
004863
002549
005641
004176
006246
006293
003392
001458
003346
005597
004218
007365
003112
002625
005103
000963
001749
001867
004811
002239
003936
000627
001425
004274
001479
006764
002159
001290
004799
005709
006666
000853
000071
006507
003188
002006
004416
005082
005115
000579
003081
002088
005820
005591
001690
002173
003565
001600
001369
003276
003753
003551
006930
003650
002826
002799
001741
006058
003202
006346
006533
002673
002421
004489
002699
004884
004374
003340
002992
001801
002812
005489
005696
005022
003268
000280
001850
003705
002976
002928
006348
004388
003939
006897
000831
003784
002619
006338
004046
002462
007154
005836
004368
006878
001945
004885
002069
006415
000299
005084
006386
000055
005160
005666
003584
007355
000147
006331
003125
000435
005067
001845
003740
005129
003501
002781
003371
001591
003727
004682
000527
004232
006438
004649
000382
005304
000332
000214
001506
006162
003851
001942
001903
007192
005238
006704
000376
001161
004906
000715
000453
006876
004365
005556
006219
006603
004901
004185
005422
001294
006917
004830
003928
000725
003837
004351
005425
004251
000120
004869
003991
007274
003240
000750
001882
006592
000541
005634
006632
002585
005295
004075
003886
005479
003388
001488
001982
006424
006912
005491
002744
004723
002152
006967
004079
003935
000516
001884
000589
001887
007307
002839
002576
004024
007138
004968
001439
003983
002403
007162
005683
002361
004214
006518
005802
005951
003265
000938
001165
005119
002565
004996
004727
004596
005590
000045
006420
002004
007149
005434
004526
004528
000514
006380
002883
001453
007292
003366
000485
002717
007229
005343
004172
005075
005647
003672
001048
005537
001960
002521
000687
003288
005582
004405
001416
003783
006109
005093
000091
003617
000408
002377
006370
007091
000143
000503
000683
004568
004449
005348
004170
004725
001073
006621
004955
001328
003966
000180
005379
004665
000719
001411
002493
002968
007446
003809
003226
006673
004257
007198
004101
002958
005273
003723
001011
006921
003871
006002
000001
005533
000074
000832
005693
001386
001631
002888
002650
004853
005057
006903
003061
002414
005169
004878
003639
004495
001182
007145
004871
003779
006093
004562
003977
003612
006563
004540
000428
000171
003726
004917
003585
000028
001033
006187
004552
001341
005877
002789
000987
007003
000758
004289
001193
000939
003880
002878
007460
007075
004837
005013
001917
005016
005042
002084
005121
006661
001655
005756
006175
002062
002873
003486
000265
000821
003620
003114
003331
006862
005375
001829
002632
007059
001397
005148
006481
000257
002097
004778
002035
007042
000206
000751
003552
005586
005799
006436
006637
001016
003096
004867
001154
000661
006777
000544
001972
003540
003416
000166
002044
004357
002982
003835
000712
003018
001419
006767
006017
007412
004633
006946
003816
006565
001792
007053
005454
005209
005965
004238
006125
004959
001063
007345
001259
006549
007234
007118
006135
006101
004572
005670
006119
003616
004009
004122
001088
004642
002008
002855
001810
006926
006323
007122
001775
000965
003448
006014
007332
001750
003205
006027
000232
007442
002531
004273
001721
003774
004255
003127
003499
007097
002013
000194
000930
000346
005117
005609
002360
003083
001663
005179
003174
000493
004738
004115
002256
004041
006952
007157
004452
001976
003679
006374
003369
001059
006262
003918
003060
004756
005088
001629
006631
000409
002964
007028
004081
002307
001953
004352
004113
001907
005413
002016
004900
007269
000129
005767
002324
005345
004826
004838
006421
001072
002921
001429
003852
003031
004047
005350
003860
005021
000458
002547
002350
007383
006498
005530
005889
002489
005873
007022
004052
003897
001032
005134
000358
002957
003360
005040
005813
003252
005735
003042
002395
007115
002429
003948
001820
001672
002115
002543
004127
007338
000604
002514
003950
004069
004708
006290
006499
001172
003614
002635
003248
006252
001743
001077
001408
003120
005334
004999
005292
000112
002621
001958
001494
006911
000585
002341
003178
007196
000177
006294
001727
002845
002261
005146
002081
001540
005458
006087
004662
006356
003502
002370
005934
002574
004724
003680
000006
001556
005467
006011
001562
005313
001002
007281
005550
002900
005844
006392
006672
006530
006216
007318
003463
002048
000378
001832
002060
004259
006376
000658
004914
000827
002190
000398
005359
006435
005463
003068
002021
003931
002593
006888
003637
004003
003377
004936
003293
004983
000443
003085
004300
001572
004840
005742
000944
002618
007277
005003
002182
004576
002303
005845
007434
004317
002149
006863
005143
004833
001967
000911
007208
006682
003427
002631
001495
001037
004474
003037
005409
006604
006629
001135
000854
001692
004212
003024
000945
006679
002165
004575
003519
005038
004844
002030
000808
001665
005165
005963
006997
006468
007360
002667
001162
003094
000843
001324
006446
002230
004230
006761
007049
000432
007275
006606
007385
004989
005759
006126
001886
001014
000468
003589
003832
005049
007327
006201
003541
006865
000448
002790
002295
002726
001864
003804
000247
006783
004086
000577
006339
003491
001843
003222
000429
000620
